-15194.08695652174
-12649.652173913044
-10862.021739130434
-10787.717391304348
-13529.934782608696
-17474.869565217392
-19631.739130434784
-19726.956521739132
-18589.760869565216
-15274.891304347826
-11261.695652173914
-7882.195652173913
-8555.369565217392
-12147.673913043478
-16212.021739130434
-17130.891304347828
-14305.065217391304
-10348.782608695652
-9480.260869565218
-8742.91304347826
-8438.95652173913
-12314.673913043478
-17105.108695652172
-17410.891304347828
-13928.782608695652
-8140.152173913043
-690.3260869565217
1654.4130434782608
-4334.891304347826
-12710.41304347826
-16474.760869565216
-16117.282608695652
-14045.652173913044
-12205.04347826087
-12206.065217391304
-14513.478260869566
-17808.152173913044
-20580.391304347828
-21527.32608695652
-20487.804347826088
-17527.934782608696
-14187.717391304348
-11401.804347826086
-10374.934782608696
-11997.08695652174
-16665.0
-18739.760869565216
-17041.521739130436
-12942.630434782608
-10516.652173913044
-9867.152173913044
-8056.891304347826
-8617.95652173913
-14503.891304347826
-17294.08695652174
-15289.521739130434
-11284.217391304348
-7468.347826086957
-7911.673913043478
-13234.739130434782
-18356.652173913044
-20137.456521739132
-19299.391304347828
-15782.282608695652
-12144.478260869566
-10074.173913043478
-8502.239130434782
-8436.0
-13191.630434782608
-17198.32608695652
-17015.543478260868
-13793.869565217392
-9217.565217391304
-8108.152173913043
-11161.021739130434
-16537.41304347826
-19558.260869565216
-20487.369565217392
-17560.804347826088
-12291.260869565218
-9476.673913043478
-11308.521739130434
-9101.282608695652
-8468.304347826086
-14566.130434782608
-17254.434782608696
-14924.760869565218
-10838.347826086956
-5986.695652173913
4295.347826086957
7485.217391304348
-5604.782608695652
-14357.45652173913
-15504.934782608696
-13474.652173913044
-11448.173913043478
-11427.54347826087
-14497.304347826086
-18119.456521739132
-21251.5
-22761.934782608696
-21808.782608695652
-19179.521739130436
-15606.58695652174
-11015.152173913044
-4099.434782608696
-4818.891304347826
-11766.130434782608
-16415.847826086956
-16853.67391304348
-14341.565217391304
-11478.021739130434
-10453.369565217392
-7699.5
-6797.978260869565
-12522.782608695652
-17085.58695652174
-17362.304347826088
-15129.326086956522
-10954.630434782608
-9339.391304347826
-12007.0
-16843.891304347828
-20133.282608695652
-21305.565217391304
-19296.347826086956
-14944.891304347826
-12025.065217391304
-11759.652173913044
-9553.04347826087
-8909.934782608696
-12736.652173913044
-16217.58695652174
-15790.304347826086
-12096.978260869566
-5609.304347826087
7643.195652173913
14113.58695652174
5959.413043478261
-6883.108695652174
-12801.173913043478
-13506.08695652174
-12278.95652173913
-12757.847826086956
-15334.891304347826
-18988.217391304348
-22239.130434782608
-24327.239130434784
-24353.521739130436
-22521.195652173912
-19075.521739130436
-15454.260869565218
-14615.869565217392
-16979.739130434784
-20065.065217391304
-21795.456521739132
-21941.0
-19376.304347826088
-15136.08695652174
-12943.95652173913
-13630.521739130434
-14882.391304347826
-15931.869565217392
-17556.717391304348
-17972.5
-15898.673913043478
-12223.108695652174
-7792.217391304348
-2032.6304347826087
223.7173913043478
-4911.630434782609
-11522.565217391304
-12514.347826086956
-10141.45652173913
-8550.608695652174
-7365.391304347826
-5524.5
-6326.217391304348
-12395.760869565218
-16350.195652173914
-15524.260869565218
-12556.45652173913
-9237.978260869566
-9807.760869565218
-14056.282608695652
-18984.67391304348
-21180.239130434784
-21251.978260869564
-18221.239130434784
-14062.782608695652
-11744.239130434782
-11589.58695652174
-9562.45652173913
-10298.652173913044
-15650.41304347826
-17766.630434782608
-15527.152173913044
-10867.652173913044
-3693.304347826087
8152.54347826087
15514.934782608696
170.6086956521739
-11612.891304347826
-14569.608695652174
-13211.978260869566
-11673.434782608696
-12173.195652173914
-15769.565217391304
-19513.934782608696
-22675.0
-24468.021739130436
-24020.782608695652
-21300.695652173912
-17657.565217391304
-13337.630434782608
-12693.304347826086
-17201.717391304348
-20073.608695652172
-21536.369565217392
-21690.608695652172
-17813.195652173912
-13303.173913043478
-12429.934782608696
-14202.804347826086
-14968.760869565218
-16236.369565217392
-18384.739130434784
-18029.521739130436
-15064.95652173913
-11601.673913043478
-6740.130434782609
207.30434782608697
35.04347826086956
-7911.282608695652
-12822.717391304348
-11905.108695652174
-9782.91304347826
-8689.260869565218
-7175.217391304348
-4391.260869565217
-7878.478260869565
-14232.695652173914
-16367.478260869566
-15069.021739130434
-11516.847826086956
-9088.021739130434
-10353.91304347826
-15357.760869565218
-19381.630434782608
-21453.717391304348
-20572.391304347828
-17278.152173913044
-13452.08695652174
-12170.195652173914
-11030.239130434782
-8626.565217391304
-11387.521739130434
-15737.326086956522
-16973.630434782608
-14567.217391304348
-8170.239130434783
4411.108695652174
10360.54347826087
4325.021739130435
-6481.369565217391
-13220.5
-15248.630434782608
-14231.08695652174
-12840.173913043478
-13780.565217391304
-16736.065217391304
-20227.869565217392
-22772.652173913044
-23889.869565217392
-23077.652173913044
-20397.782608695652
-16718.521739130436
-14432.717391304348
-14942.760869565218
-17363.217391304348
-19761.739130434784
-21121.5
-20076.217391304348
-16348.304347826086
-12870.5
-12457.934782608696
-13750.95652173913
-14898.130434782608
-16346.891304347826
-17674.152173913044
-16839.130434782608
-13833.978260869566
-10480.826086956522
-6752.891304347826
-4277.5
-5527.434782608696
-11240.0
-13805.652173913044
-12158.565217391304
-9252.54347826087
-7717.95652173913
-5885.369565217391
-4643.0
-8345.695652173914
-14292.869565217392
-15602.173913043478
-13144.04347826087
-9887.91304347826
-7952.565217391304
-10577.217391304348
-15918.934782608696
-19693.130434782608
-20738.630434782608
-19086.260869565216
-15160.782608695652
-11656.239130434782
-11152.217391304348
-10344.08695652174
-8360.891304347826
-13128.673913043478
-17151.434782608696
-16685.17391304348
-12979.565217391304
-7100.521739130435
-413.1304347826087
8262.782608695652
1722.391304347826
-10136.239130434782
-15497.5
-14775.065217391304
-12749.04347826087
-10956.54347826087
-13271.978260869566
-17093.565217391304
-20336.956521739132
-22657.521739130436
-23506.521739130436
-21530.260869565216
-18177.978260869564
-14170.41304347826
-11637.173913043478
-13782.891304347826
-17353.739130434784
-19682.630434782608
-20806.565217391304
-18638.782608695652
-13803.58695652174
-11478.869565217392
-12834.847826086956
-14221.782608695652
-15046.130434782608
-17257.195652173912
-18239.391304347828
-16015.869565217392
-12831.760869565218
-8776.434782608696
-4234.652173913043
-1766.7173913043478
-7395.45652173913
-12742.217391304348
-13731.934782608696
-11003.41304347826
-9057.369565217392
-7489.804347826087
-4188.130434782609
-5767.652173913043
-12215.304347826086
-16001.173913043478
-15594.282608695652
-13073.369565217392
-8813.065217391304
-8006.54347826087
-12175.869565217392
-17163.130434782608
-20042.67391304348
-20702.130434782608
-18467.304347826088
-14024.5
-11393.369565217392
-10841.391304347826
-8659.326086956522
-9166.739130434782
-12852.869565217392
-15982.739130434782
-15455.58695652174
-11516.521739130434
-4393.065217391304
5837.130434782609
6382.239130434783
-2082.3695652173915
-11543.108695652174
-15336.565217391304
-15171.41304347826
-12771.0
-11439.04347826087
-11089.45652173913
-10369.869565217392
-12830.0
-17530.695652173912
-20214.065217391304
-19669.434782608696
-15712.108695652174
-8862.630434782608
-3653.1739130434785
-6032.804347826087
-13385.45652173913
-18886.282608695652
-20968.0
-20193.521739130436
-17152.065217391304
-13937.260869565218
-11987.282608695652
-10190.630434782608
-10472.239130434782
-14603.95652173913
-18713.978260869564
-18979.804347826088
-16233.673913043478
-12590.08695652174
-10303.391304347826
-12570.54347826087
-17129.456521739132
-20682.347826086956
-21388.543478260868
-19509.347826086956
-15245.347826086956
-11902.652173913044
-11653.152173913044
-11288.652173913044
-9980.652173913044
-13334.608695652174
-16695.521739130436
-15606.804347826086
-11429.717391304348
-5039.782608695652
3838.8478260869565
12573.565217391304
3706.0652173913045
-9505.652173913044
-13815.5
-12282.804347826086
-11366.217391304348
-12303.173913043478
-16163.0
-19544.478260869564
-22524.67391304348
-24130.543478260868
-23316.804347826088
-20260.0
-16636.934782608696
-13330.739130434782
-11948.847826086956
-15158.239130434782
-19041.565217391304
-20863.021739130436
-20253.0
-15943.717391304348
-12323.0
-12691.565217391304
-14778.108695652174
-15504.565217391304
-17269.347826086956
-19123.804347826088
-17804.695652173912
-14434.282608695652
-10831.434782608696
-5335.0
2447.695652173913
-2061.391304347826
-11062.152173913044
-14204.608695652174
-11554.08695652174
-9533.065217391304
-8795.021739130434
-6778.369565217391
-3995.304347826087
-9838.760869565218
-16341.826086956522
-16716.021739130436
-14517.58695652174
-10374.934782608696
-8923.54347826087
-11728.021739130434
-17243.065217391304
-20505.956521739132
-21837.456521739132
-19868.5
-15859.891304347826
-12559.673913043478
-12546.391304347826
-10512.0
-8815.652173913044
-13424.869565217392
-17027.91304347826
-16561.869565217392
-13155.282608695652
-6412.434782608696
5759.95652173913
10999.217391304348
2007.7173913043478
-8823.391304347826
-14111.130434782608
-14434.08695652174
-12809.239130434782
-12528.565217391304
-14831.282608695652
-18165.021739130436
-21401.130434782608
-23557.5
-23774.869565217392
-22002.804347826088
-18784.934782608696
-15108.434782608696
-12526.54347826087
-13693.58695652174
-16793.652173913044
-19595.369565217392
-20514.58695652174
-18261.760869565216
-14310.04347826087
-12346.739130434782
-13229.891304347826
-14515.108695652174
-15806.021739130434
-17568.978260869564
-18082.217391304348
-16207.760869565218
-12804.54347826087
-8861.934782608696
-3261.217391304348
-1710.7391304347825
-6135.782608695652
-12371.347826086956
-13240.782608695652
-11086.5
-9082.91304347826
-7585.108695652174
-5476.652173913043
-6174.478260869565
-11614.130434782608
-15932.282608695652
-15742.760869565218
-12703.369565217392
-9595.195652173914
-9230.739130434782
-12953.978260869566
-17963.239130434784
-20788.108695652172
-21022.282608695652
-18457.456521739132
-14473.91304347826
-11873.608695652174
-11602.760869565218
-10552.08695652174
-9971.369565217392
-14918.152173913044
-17565.956521739132
-15940.521739130434
-11618.521739130434
-4951.978260869565
2154.195652173913
7764.782608695652
-1949.7391304347825
-12138.173913043478
-15507.239130434782
-13797.847826086956
-11988.673913043478
-11614.782608695652
-14836.021739130434
-18396.717391304348
-21330.630434782608
-23060.543478260868
-22939.17391304348
-20268.869565217392
-16616.152173913044
-12917.130434782608
-10422.673913043478
-12681.847826086956
-17142.152173913044
-19499.630434782608
-19984.521739130436
-16371.239130434782
-12158.695652173914
-11612.565217391304
-13830.304347826086
-14790.54347826087
-16215.217391304348
-18531.521739130436
-18280.760869565216
-15125.608695652174
-11832.021739130434
-7389.608695652174
-1016.4347826086956
-594.4782608695652
-9789.782608695652
-14394.282608695652
-13158.065217391304
-10222.54347826087
-8803.673913043478
-7642.695652173913
-4041.6739130434785
-6536.391304347826
-14404.565217391304
-16903.130434782608
-15292.195652173914
-12005.391304347826
-8641.847826086956
-9427.760869565218
-14824.847826086956
-19220.08695652174
-21290.282608695652
-20779.608695652172
-17583.065217391304
-13290.152173913044
-11928.869565217392
-12067.565217391304
-7985.239130434783
-11037.869565217392
-15724.239130434782
-17232.391304347828
-14934.152173913044
-10180.608695652174
-2929.608695652174
5807.760869565217
3248.3695652173915
-6250.608695652174
-13626.326086956522
-15304.304347826086
-13841.869565217392
-12026.304347826086
-12966.065217391304
-15807.978260869566
-19166.347826086956
-21790.41304347826
-23064.304347826088
-22094.804347826088
-19449.565217391304
-15969.934782608696
-12757.173913043478
-12005.0
-14551.565217391304
-17671.478260869564
-19653.804347826088
-18790.0
-15215.978260869566
-12102.065217391304
-12074.41304347826
-13561.54347826087
-14789.804347826086
-16466.956521739132
-17836.717391304348
-16931.58695652174
-14088.130434782608
-10510.91304347826
-5970.5
-2081.413043478261
-3777.0
-10397.0
-13568.347826086956
-12309.739130434782
-9627.173913043478
-8314.934782608696
-6521.891304347826
-5681.04347826087
-9245.978260869566
-14919.217391304348
-16521.58695652174
-14352.239130434782
-10833.08695652174
-8028.282608695652
-10456.717391304348
-15458.739130434782
-19544.043478260868
-20788.021739130436
-19890.543478260868
-16269.021739130434
-12877.891304347826
-11886.891304347826
-11426.130434782608
-11213.934782608696
-14561.108695652174
-18006.652173913044
-17846.0
-14109.739130434782
-8638.239130434782
-3946.4565217391305
-4116.130434782609
-10454.630434782608
-15738.54347826087
-18060.347826086956
-16900.58695652174
-12857.173913043478
-9047.652173913044
-9544.0
-9518.260869565218
-7501.891304347826
-13317.152173913044
-17525.847826086956
-16704.5
-12955.652173913044
