0.007000
0.007000
0.026000
0.012000
0.015000
0.009000
0.007000
0.007000
0.003000
0.004000
0.011000
0.005000
0.006000
0.008000
0.006000
0.005000
0.006000
0.001000
0.009000
0.011000
0.013000
0.006000
0.010000
0.003000
0.003000
0.008000
0.005000
0.006000
0.005000
0.009000
0.001000
0.006000
0.006000
0.010000
0.005000
0.007000
0.005000
0.002000
0.005000
0.011000
0.008000
0.005000
0.008000
0.003000
0.007000
0.006000
0.001000
0.007000
0.007000
0.002000
0.004000
0.004000
0.002000
0.007000
0.004000
0.005000
0.014000
0.004000
0.009000
0.007000
0.004000
0.005000
0.003000
0.006000
0.006000
0.016000
0.006000
0.005000
0.005000
0.005000
0.006000
0.002000
0.004000
0.002000
0.003000
0.004000
0.000000
0.010000
0.002000
0.008000
0.005000
0.003000
0.007000
0.003000
0.003000
0.004000
0.011000
0.007000
0.008000
0.008000
0.013000
0.007000
0.005000
0.007000
0.007000
0.030000
0.565000
0.285000
0.132000
0.065000
0.028000
0.009000
0.007000
0.009000
0.005000
0.006000
0.003000
0.001000
0.004000
0.032000
0.024000
0.018000
0.052000
0.064000
0.018000
0.007000
0.009000
0.031000
0.006000
0.007000
0.004000
0.008000
0.002000
0.011000
0.013000
0.021000
0.012000
0.005000
0.007000
0.004000
0.007000
0.010000
0.003000
0.009000
0.005000
0.008000
0.006000
0.007000
0.005000
0.005000
0.006000
0.009000
0.003000
0.013000
0.030000
0.029000
0.023000
0.004000
0.008000
0.010000
0.015000
0.006000
0.010000
0.005000
0.005000
0.006000
0.010000
0.013000
0.010000
0.006000
0.065000
0.623000
0.731000
0.586000
0.091000
0.011000
0.006000
0.006000
0.016000
0.001000
0.010000
0.003000
0.039000
0.073000
0.086000
0.020000
0.022000
0.029000
0.018000
0.014000
0.044000
0.035000
0.024000
0.003000
0.016000
0.010000
0.014000
0.035000
0.042000
0.030000
0.018000
0.004000
0.013000
0.025000
0.024000
0.011000
0.020000
0.026000
0.019000
0.028000
0.008000
0.025000
0.015000
0.032000
0.011000
0.016000
0.033000
0.093000
0.060000
0.035000
0.010000
0.031000
0.039000
0.045000
0.049000
0.013000
0.013000
0.006000
0.014000
0.030000
0.033000
0.027000
0.014000
0.147000
0.856000
0.881000
0.636000
0.030000
0.008000
0.010000
0.021000
0.020000
0.009000
0.006000
0.012000
0.051000
0.053000
0.053000
0.043000
0.028000
0.042000
0.015000
0.020000
0.029000
0.014000
0.009000
0.007000
0.004000
0.004000
0.011000
0.043000
0.037000
0.008000
0.018000
0.013000
0.007000
0.016000
0.007000
0.013000
0.019000
0.021000
0.007000
0.005000
0.006000
0.011000
0.010000
0.011000
0.013000
0.008000
0.034000
0.037000
0.028000
0.024000
0.007000
0.009000
0.014000
0.011000
0.014000
0.003000
0.003000
0.008000
0.012000
0.014000
0.015000
0.015000
0.017000
0.298000
0.758000
0.615000
0.434000
0.012000
0.008000
0.006000
0.009000
0.009000
0.005000
0.002000
0.017000
0.045000
0.082000
0.038000
0.017000
0.014000
0.021000
0.014000
0.032000
0.020000
0.034000
0.002000
0.005000
0.012000
0.006000
0.019000
0.039000
0.035000
0.031000
0.013000
0.010000
0.004000
0.023000
0.007000
0.031000
0.026000
0.010000
0.026000
0.007000
0.008000
0.021000
0.004000
0.035000
0.045000
0.010000
0.067000
0.095000
0.044000
0.013000
0.016000
0.022000
0.035000
0.018000
0.005000
0.007000
0.009000
0.004000
0.021000
0.014000
0.024000
0.007000
0.058000
0.653000
0.937000
0.647000
0.329000
0.011000
0.005000
0.005000
0.022000
0.008000
0.005000
0.006000
0.048000
0.043000
0.045000
0.040000
0.155000
0.041000
0.017000
0.033000
0.079000
0.028000
0.005000
0.006000
0.005000
0.003000
0.002000
0.023000
0.014000
0.008000
0.010000
0.129000
0.035000
0.053000
0.029000
0.051000
0.010000
0.004000
0.007000
0.121000
0.344000
0.217000
0.142000
0.308000
0.162000
0.027000
0.185000
0.854000
0.894000
0.431000
0.329000
0.787000
0.454000
0.092000
0.058000
0.236000
0.192000
0.158000
0.135000
0.113000
0.284000
0.457000
0.631000
0.916000
0.940000
0.329000
0.081000
0.475000
0.679000
0.536000
0.472000
0.263000
0.008000
0.021000
0.058000
0.484000
0.508000
0.614000
0.620000
0.198000
0.189000
0.037000
0.240000
0.046000
0.342000
0.358000
0.199000
0.207000
0.020000
0.334000
0.265000
0.060000
0.110000
0.018000
0.219000
0.418000
0.357000
0.275000
0.024000
0.095000
0.136000
0.156000
0.243000
0.007000
0.085000
0.038000
0.017000
0.174000
0.252000
0.134000
0.093000
0.743000
0.997000
0.993000
0.931000
0.096000
0.062000
0.112000
0.198000
0.091000
0.061000
0.028000
0.121000
0.247000
0.234000
0.138000
0.418000
0.467000
0.170000
0.100000
0.197000
0.133000
0.045000
0.011000
0.045000
0.020000
0.010000
0.055000
0.159000
0.068000
0.014000
0.088000
0.030000
0.029000
0.022000
0.011000
0.033000
0.044000
0.036000
0.031000
0.005000
0.011000
0.018000
0.006000
0.028000
0.029000
0.028000
0.060000
0.111000
0.050000
0.029000
0.014000
0.023000
0.024000
0.026000
0.017000
0.005000
0.008000
0.007000
0.033000
0.030000
0.025000
0.006000
0.067000
0.898000
0.987000
0.853000
0.310000
0.008000
0.009000
0.011000
0.018000
0.004000
0.008000
0.008000
0.075000
0.163000
0.231000
0.123000
0.168000
0.030000
0.041000
0.044000
0.107000
0.045000
0.061000
0.006000
0.014000
0.015000
0.012000
0.046000
0.080000
0.056000
0.017000
0.009000
0.006000
0.020000
0.050000
0.001000
0.038000
0.039000
0.026000
0.039000
0.004000
0.028000
0.026000
0.021000
0.068000
0.036000
0.045000
0.169000
0.183000
0.092000
0.044000
0.012000
0.047000
0.035000
0.046000
0.010000
0.011000
0.008000
0.006000
0.041000
0.078000
0.108000
0.034000
0.477000
0.991000
0.998000
0.975000
0.117000
0.012000
0.009000
0.058000
0.115000
0.016000
0.012000
0.046000
0.174000
0.226000
0.169000
0.196000
0.680000
0.126000
0.068000
0.159000
0.118000
0.065000
0.011000
0.006000
0.010000
0.008000
0.012000
0.130000
0.061000
0.019000
0.055000
0.010000
0.004000
0.032000
0.012000
0.020000
0.032000
0.026000
0.024000
0.004000
0.009000
0.005000
0.009000
0.018000
0.035000
0.007000
0.035000
0.069000
0.077000
0.040000
0.014000
0.012000
0.013000
0.015000
0.015000
0.005000
0.003000
0.011000
0.010000
0.020000
0.014000
0.015000
0.010000
0.532000
0.974000
0.900000
0.754000
0.018000
0.000000
0.000000
0.005000
0.006000
0.005000
0.006000
0.039000
0.060000
0.158000
0.201000
0.188000
0.235000
0.024000
0.022000
0.081000
0.041000
0.024000
0.015000
0.004000
0.008000
0.005000
0.018000
0.039000
0.041000
0.050000
0.059000
0.016000
0.011000
0.029000
0.034000
0.020000
0.013000
0.025000
0.008000
0.005000
0.009000
0.010000
0.005000
0.024000
0.026000
0.016000
0.003000
0.010000
0.008000
0.012000
0.005000
0.019000
0.011000
